set REF:= 1 2  	3	4	5	6	7	8	9	10	11	12	13	14	15	16	17	18	19	20	21	22	23	24	25	26	27	28	29	30	31	32	33	34	35	36	37	38	39	40	41	42	43	44	45	46	47	48	49	50	51	52	53	54	55	56	57	58	59	60	61	62	63	64	65	66	67	68	69	70	71	72	73	74	75	76	77	78	79	80	81	82	83	84	85	86	87	88	89	90	91	92	93	94	95	96	97	98	99	100;
set RACKS:= 1	2	3	4	5	6	7	8	9	10	11	12	13	14	15	16	17	18	19	20	21	22	23	24	25	26	27	28	29	30	31	32	33	34	35	36	37	38	39	40	41	42	43	44	45	46	47	48	49	50	51	52	53	54	55	56	57	58	59	60	61	62	63	64	65	66	67	68	69	70	71	72	73	74	75	76	77	78	79	80	81	82	83	84	85	86	87	88	89	90	91	92	93	94	95	96	97	98	99	100	101	102	103	104	105	106	107	108;


param Demanda:=
1	5176
2	74788
3	28906
4	9686
5	4523
6	3842
7	6000
8	8809
9	9538
10	4865
11	8197
12	5542
13	3883
14	6787
15	5617
16	4822
17	4049
18	5097
19	3667
20	3928
21	4682
22	5019
23	3313
24	5632
25	3156
26	3841
27	4115
28	3924
29	2912
30	3926
31	4257
32	4975
33	4806
34	2698
35	6680
36	3282
37	2995
38	24310
39	20947
40	27814
41	22193
42	37065
43	21167
44	16953
45	21157
46	20946
47	13481
48	6202
49	13993
50	18798
51	14536
52	15110
53	8857
54	9603
55	8107
56	10986
57	12271
58	13653
59	7216
60	6284
61	7072
62	9943
63	9621
64	10604
65	7869
66	6610
67	87
68	116
69	10754
70	1835
71	3526
72	6
73	425
74	776
75	108
76	98
77	102
78	24
79	29
80	530
81	254
82	493
83	180
84	860
85	293
86	267
87	208
88	245
89	571
90	214
91	259
92	238
93	234
94	403
95	124
96	23
97	55
98	4857
99	1538
100	1159;

param Frecuencia:=
1	295
2	948
3	667
4	463
5	206
6	129
7	314
8	435
9	432
10	228
11	394
12	269
13	232
14	396
15	288
16	267
17	235
18	301
19	246
20	258
21	324
22	301
23	205
24	358
25	143
26	263
27	271
28	281
29	174
30	267
31	299
32	292
33	247
34	170
35	427
36	214
37	187
38	701
39	670
40	761
41	622
42	845
43	685
44	537
45	677
46	680
47	550
48	378
49	515
50	620
51	542
52	586
53	393
54	433
55	324
56	488
57	557
58	573
59	333
60	322
61	344
62	463
63	381
64	384
65	377
66	284
67	15
68	18
69	116
70	72
71	77
72	3
73	7
74	10
75	7
76	7
77	5
78	3
79	5
80	37
81	21
82	27
83	15
84	40
85	24
86	19
87	17
88	16
89	32
90	17
91	17
92	21
93	19
94	27
95	9
96	2
97	4
98	98
99	60
100	49;

param AnchoCaja:=
1	33
2	120
3	120
4	120
5	33
6	33
7	33
8	120
9	120
10	33
11	120
12	33
13	33
14	33
15	33
16	33
17	33
18	33
19	33
20	33
21	33
22	33
23	33
24	33
25	33
26	33
27	33
28	18
29	33
30	33
31	33
32	33
33	33
34	33
35	33
36	33
37	33
38	120
39	120
40	120
41	120
42	120
43	120
44	120
45	120
46	120
47	120
48	33
49	120
50	120
51	120
52	120
53	120
54	120
55	120
56	120
57	120
58	120
59	33
60	33
61	33
62	120
63	120
64	120
65	120
66	33
67	28
68	33
69	120
70	23
71	25
72	33
73	47
74	33
75	25
76	47
77	47
78	25
79	47
80	33
81	33
82	33
83	33
84	33
85	33
86	33
87	33
88	33
89	33
90	33
91	33
92	33
93	33
94	33
95	24
96	33
97	33
98	33
99	33
100	33;

param TipoDist:=
1	0
2	0
3	0
4	0
5	0
6	0
7	0
8	0
9	0
10	0
11	0
12	0
13	0
14	0
15	0
16	0
17	0
18	0
19	0
20	0
21	0
22	0
23	0
24	0
25	0
26	0
27	0
28	0
29	0
30	0
31	0
32	0
33	0
34	0
35	0
36	0
37	0
38	0
39	0
40	0
41	0
42	0
43	0
44	0
45	0
46	0
47	0
48	0
49	0
50	0
51	0
52	0
53	0
54	0
55	0
56	0
57	0
58	0
59	0
60	0
61	0
62	0
63	0
64	0
65	0
66	0
67	1
68	1
69	0
70	0
71	0
72	1
73	1
74	1
75	1
76	1
77	1
78	1
79	1
80	1
81	1
82	1
83	1
84	1
85	1
86	1
87	1
88	1
89	1
90	1
91	1
92	1
93	1
94	1
95	1
96	1
97	1
98	0
99	1
100	1;

param Espacios:=
1	1
2	1
3	1
4	1
5	1
6	1
7	1
8	1
9	1
10	1
11	1
12	1
13	1
14	1
15	1
16	1
17	1
18	1
19	1
20	1
21	1
22	1
23	0
24	1
25	0
26	1
27	1
28	1
29	0
30	1
31	1
32	1
33	1
34	0
35	1
36	0
37	0
38	1
39	1
40	1
41	1
42	1
43	1
44	1
45	1
46	1
47	1
48	1
49	1
50	1
51	1
52	1
53	1
54	1
55	1
56	1
57	1
58	1
59	1
60	1
61	1
62	1
63	1
64	1
65	1
66	1
67	0
68	0
69	1
70	0
71	1
72	0
73	0
74	0
75	0
76	0
77	0
78	0
79	0
80	0
81	0
82	0
83	0
84	0
85	0
86	0
87	0
88	0
89	0
90	0
91	0
92	0
93	0
94	0
95	0
96	0
97	0
98	1
99	0
100	0;

param TipoRack:=
1	0
2	0
3	0
4	0
5	0
6	0
7	0
8	0
9	0
10	0
11	0
12	0
13	0
14	0
15	0
16	1
17	1
18	1
19	1
20	1
21	1
22	1
23	1
24	1
25	1
26	1
27	1
28	1
29	1
30	1
31	0
32	0
33	0
34	0
35	0
36	0
37	0
38	0
39	0
40	0
41	0
42	0
43	0
44	0
45	0
46	1
47	1
48	1
49	1
50	1
51	1
52	1
53	1
54	1
55	1
56	1
57	1
58	1
59	1
60	1
61	1
62	1
63	1
64	1
65	1
66	1
67	1
68	1
69	1
70	1
71	1
72	1
73	1
74	1
75	1
76	1
77	1
78	1
79	1
80	1
81	1
82	1
83	1
84	1
85	1
86	1
87	1
88	1
89	1
90	1
91	1
92	1
93	1
94	1
95	1
96	1
97	1
98	1
99	1
100	1
101	1
102	1
103	1
104	1
105	1
106	1
107	1
108	1;

param Costo:=
1	0
2	5
3	10
4	15
5	20
6	25
7	30
8	35
9	40
10	45
11	50
12	55
13	60
14	65
15	70
16	0
17	5
18	10
19	15
20	20
21	25
22	30
23	35
24	40
25	45
26	50
27	55
28	60
29	65
30	70
31	0
32	5
33	10
34	15
35	20
36	25
37	30
38	35
39	40
40	45
41	50
42	55
43	60
44	65
45	70
46	0
47	5
48	10
49	15
50	20
51	25
52	30
53	35
54	40
55	45
56	50
57	55
58	60
59	65
60	70
61	0
62	5
63	10
64	15
65	20
66	25
67	30
68	35
69	40
70	45
71	50
72	55
73	60
74	65
75	70
76	0
77	5
78	10
79	15
80	20
81	25
82	30
83	35
84	40
85	45
86	50
87	55
88	60
89	65
90	70
91	0
92	5
93	10
94	15
95	20
96	25
97	30
98	35
99	40
100	45
101	50
102	55
103	60
104	65
105	70
106	75
107	80
108	85;

param Utilizacion:=
1	1
2	1
3	1
4	1
5	1
6	1
7	1
8	1
9	1
10	1
11	1
12	0
13	1
14	1
15	1
16	1
17	1
18	1
19	0
20	1
21	1
22	1
23	1
24	1
25	1
26	1
27	1
28	1
29	1
30	0
31	1
32	1
33	1
34	0
35	1
36	1
37	1
38	1
39	1
40	1
41	1
42	1
43	1
44	1
45	0
46	1
47	1
48	1
49	0
50	1
51	1
52	1
53	1
54	1
55	1
56	1
57	1
58	1
59	1
60	0
61	1
62	1
63	1
64	0
65	1
66	1
67	1
68	1
69	1
70	1
71	1
72	1
73	1
74	1
75	0
76	1
77	1
78	1
79	0
80	1
81	1
82	1
83	1
84	1
85	0
86	1
87	1
88	1
89	1
90	1
91	1
92	1
93	1
94	1
95	1
96	1
97	0
98	1
99	1
100	1
101	1
102	1
103	0
104	1
105	1
106	1
107	1
108	1;

param Pared:=
1	1
2	1
3	1
4	1
5	1
6	1
7	1
8	1
9	1
10	1
11	1
12	1
13	1
14	1
15	1
16	0
17	0
18	0
19	0
20	0
21	0
22	0
23	0
24	0
25	0
26	0
27	0
28	0
29	0
30	0
31	0
32	0
33	0
34	0
35	0
36	0
37	0
38	0
39	0
40	0
41	0
42	0
43	0
44	0
45	0
46	0
47	0
48	0
49	0
50	0
51	0
52	0
53	0
54	0
55	0
56	0
57	0
58	0
59	0
60	0
61	0
62	0
63	0
64	0
65	0
66	0
67	0
68	0
69	0
70	0
71	0
72	0
73	0
74	0
75	0
76	0
77	0
78	0
79	0
80	0
81	0
82	0
83	0
84	0
85	0
86	0
87	0
88	0
89	0
90	0
91	0
92	0
93	0
94	0
95	0
96	0
97	0
98	0
99	0
100	0
101	0
102	0
103	0
104	0
105	0
106	0
107	0
108	0;
