set NODOS:= 0	1	2	3	4	5	6	7	8	9	10	11	12	13	14	15	16	17	18	19	20	21	22	23	24	25	26	27	28	29	30	31	32	33	34	35	36	37	38	39	40	41	42	43	44	45	46	47	48	49	50	51	52	53	54	55	56	57	58	59	60	61	62	63	64	65	66	67	68	69	70	71	72	73	74	75	76	77	78	79	80	81	82	83	84	85	86	87	88	89	90	91	92	93	94	95	96	97	98	99	100	101	102	103	104	105	106	107	108;
set O:= 1	2	3	4	5	6	7	8	9	10;
set REF:= 0	1	2	3	4	5	6	7	8	9	10	11	12	13	14	15	16	17	18	19	20	21	22	23	24	25	26	27	28	29	30	31	32	33	34	35	36	37	38	39	40	41	42	43	44	45	46	47	48	49	50	51	52	53	54	55	56	57	58	59	60	61	62	63	64	65	66	67	68	69	70	71	72	73	74	75	76	77	78	79	80	81	82	83	84	85	86	87	88	89	90	91	92	93	94	95	96	97	98	99	100	101	102	103	104	105	106	107	108	109	110	111	112	113	114	115	116	117	118	119	120	121	122	123	124	125	126	127	128	129	130	131	132	133	134	135	136	137	138	139	140	141	142	143	144	145	146	147	148	149	150	151	152	153	154	155	156	157	158	159	160	161	162	163	164	165	166	167	168	169	170	171	172	173	174	175	176	177	178	179	180	181	182	183	184	185	186	187	188	189	190	191	192	193	194	195	196	197	198	199	200	201	202	203	204	205	206	207	208	209	210	211	212	213	214	215	216	217	218	219	220	221	222	223	224	225	226	227	228	229	230	231	232	233	234	235	236	237	238	239	240	241	242	243	244	245	246	247	248	249	250	251	252	253	254	255	256	257	258	259	260	261	262	263	264	265	266	267	268	269	270	271	272	273	274	275	276	277	278	279	280	281	282	283	284	285	286	287	288	289	290	291	292	293	294	295	296	297	298	299	300	301	302	303	304	305	306	307	308	309	310	311	312	313	314	315	316	317	318	319	320	321	322	323	324	325	326	327	328	329	330	331	332	333	334	335	336	337	338	339	340	341	342	343	344	345	346	347	348	349	350	351	352	353	354	355	356	357	358	359	360	361	362	363	364	365	366	367	368	369	370	371	372	373	374	375	376	377	378	379	380	381	382	383	384	385	386	387	388	389	390	391	392	393	394	395	396	397	398	399	400	401	402	403	404	405	406	407	408	409	410	411	412	413	414	415	416	417	418	419	420	421	422	423	424	425	426	427	428	429	430	431	432	433	434	435	436	437	438	439	440	441	442	443	444	445	446	447	448	449	450	451	452	453	454	455	456	457	458	459	460	461	462	463	464	465	466	467	468	469	470	471	472	473	474	475	476	477	478	479	480	481	482	483	484	485	486	487	488	489	490	491	492	493	494	495	496	497	498	499	500	501	502	503	504	505	506	507	508	509	510	511	512	513	514	515	516	517	518	519	520	521	522	523	524	525	526	527	528	529	530	531	532	533	534	535	536	537	538	539	540	541	542;


set ORDENES[1]:=    0	28	28	1	29	29	3	30	30	5	31	31	32	32	33	33	33	34	34	35	35	36	36	37	37	38	38	38	39	39	40	40	53	61	61	61	79	68;
set ORDENES[2]:=	0	28	28	1	3	29	30	30	5	7	31	32	11	33	33	33	33	33	34	34	34	34	16	35	35	36	36	38	39	39	39	40	40	40	53	53	53	65;
set ORDENES[3]:=	0	28	28	29	29	3	5	30	30	7	9	31	31	32	32	33	33	33	33	33	33	33	34	34	34	34	34	34	34	35	35	35	35	35	35	36	36	36;
set ORDENES[4]:=	0	28	28	29	3	5	30	7	31	31	32	33	33	14	34	34	35	35	20	36	36	23	38	38	24	25	39	40	40	40	53	53	53	53	52	65	65	65;
set ORDENES[5]:=	0	3	5	7	30	30	31	31	33	35	35	35	37	36	36	37	39	40	40	52	52	51	71	76;
set ORDENES[6]:=	0	28	3	5	30	30	7	31	33	33	34	34	34	35	36	36	37	53	53;													
set ORDENES[7]:=	0	3	29	29	5	30	30	7	31	31	32	33	33	33	34	36	37	39	52	57;																		
set ORDENES[8]:=	0	28	3	29	5	30	7	31	33	33	35	36	38	66	64	48	73;																	
set ORDENES[9]:=	0	28	30	31	31	32	33	33	34	34	34	34	34	35	36	36	36	37	37	38	38	38	39	39	39	40	40	40	53	53	52	52;				
set ORDENES[10]:=	0	28	28	3	30	5	7	9	31	32	34	34	34	34	34	34	35	35	35	36	36	36	37	37	38	38	38	38	25	39	39	39	39	40	40	53	53	66;


set R[1]:=	28	28	1	29	29	3	30	30	5	31	31	32	32	33	33	33	34	34	35	35	36	36	37	37	38	38	38	39	39	40	40	53	61	61	61	79	68;
set R[2]:=	28	28	1	3	29	30	30	5	7	31	32	11	33	33	33	33	33	34	34	34	34	16	35	35	36	36	38	39	39	39	40	40	40	53	53	53	65;
set R[3]:=	28	28	29	29	3	5	30	30	7	9	31	31	32	32	33	33	33	33	33	33	33	34	34	34	34	34	34	34	35	35	35	35	35	35	36	36	36;
set R[4]:=	28	28	29	3	5	30	7	31	31	32	33	33	14	34	34	35	35	20	36	36	23	38	38	24	25	39	40	40	40	53	53	53	53	52	65	65	65;
set R[5]:=	3	5	7	30	30	31	31	33	35	35	35	37	36	36	37	39	40	40	52	52	51	71	76;
set R[6]:=	28	3	5	30	30	7	31	33	33	34	34	34	35	36	36	37	53	53;												
set R[7]:=	3	29	29	5	30	30	7	31	31	32	33	33	33	34	36	37	39	52	57;																		
set R[8]:=	28	3	29	5	30	7	31	33	33	35	36	38	66	64	48	73;																	
set R[9]:=	28	30	31	31	32	33	33	34	34	34	34	34	35	36	36	36	37	37	38	38	38	39	39	39	40	40	40	53	53	52	52;
set R[10]:=	28	28	3	30	5	7	9	31	32	34	34	34	34	34	34	35	35	35	36	36	36	37	37	38	38	38	38	25	39	39	39	39	40	40	53	53	66;

param Nod_Ref:=
0	0
1	7
2	28
3	28
4	36
5	36
6	36
7	36
8	36
9	36
10	36
11	37
12	37
13	37
14	37
15	37
16	37
17	38
18	38
19	38
20	38
21	38
22	38
23	38
24	39
25	39
26	39
27	39
28	39
29	39
30	39
31	40
32	40
33	40
34	40
35	40
36	40
37	40
38	29
39	29
40	30
41	30
42	31
43	31
44	32
45	32
46	33
47	33
48	33
49	33
50	33
51	33
52	33
53	34
54	34
55	34
56	34
57	34
58	34
59	34
60	35
61	35
62	35
63	35
64	35
65	35
66	35
67	41
68	41
69	41
70	41
71	41
72	41
73	41
74	41
75	41
76	41
77	41
78	41
79	41
80	49
81	49
82	49
83	49
84	67
85	49
86	49
87	49
88	49
89	67
90	49
91	49
92	49
93	49
94	49
95	74
96	50
97	50
98	50
99	50
100	50
101	50
102	74
103	50
104	50
105	50
106	50
107	50
108	50
109	50
110	50
111	50
112	50
113	50
114	50
115	50
116	50
117	51
118	51
119	51
120	51
121	51
122	51
123	52
124	52
125	52
126	52
127	52
128	52
129	52
130	52
131	52
132	52
133	52
134	52
135	52
136	52
137	53
138	53
139	53
140	53
141	53
142	53
143	53
144	42
145	42
146	42
147	42
148	42
149	42
150	42
151	42
152	42
153	42
154	42
155	43
156	43
157	43
158	43
159	43
160	44
161	44
162	44
163	44
164	44
165	44
166	45
167	45
168	45
169	45
170	45
171	45
172	45
173	46
174	46
175	46
176	46
177	47
178	47
179	47
180	47
181	47
182	48
183	48
184	48
185	48
186	48
187	48
188	48
189	48
190	48
191	48
192	48
193	48
194	48
195	48
196	54
197	54
198	54
199	54
200	54
201	62
202	62
203	63
204	63
205	63
206	63
207	63
208	63
209	63
210	63
211	63
212	74
213	64
214	64
215	64
216	74
217	64
218	64
219	64
220	64
221	64
222	65
223	65
224	65
225	65
226	65
227	65
228	65
229	65
230	65
231	65
232	65
233	65
234	66
235	66
236	66
237	72
238	66
239	66
240	66
241	66
242	66
243	66
244	55
245	55
246	55
247	55
248	55
249	55
250	55
251	55
252	55
253	55
254	56
255	56
256	57
257	57
258	80
259	58
260	58
261	58
262	58
263	58
264	58
265	58
266	58
267	58
268	58
269	58
270	59
271	59
272	59
273	59
274	59
275	59
276	59
277	59
278	59
279	59
280	59
281	59
282	59
283	59
284	59
285	59
286	59
287	59
288	60
289	60
290	60
291	60
292	60
293	60
294	60
295	60
296	60
297	61
298	61
299	61
300	61
301	61
302	61
303	61
304	61
305	61
306	61
307	61
308	81
309	81
310	80
311	82
312	82
313	82
314	83
315	83
316	83
317	83
318	83
319	83
320	84
321	84
322	84
323	84
324	84
325	85
326	86
327	87
328	85
329	85
330	86
331	89
332	89
333	87
334	83
335	84
336	85
337	86
338	92
339	92
340	90
341	91
342	90
343	89
344	91
345	92
346	91
347	92
348	76
349	76
350	76
351	76
352	76
353	76
354	76
355	76
356	76
357	76
358	76
359	76
360	76
361	76
362	76
363	76
364	76
365	76
366	76
367	76
368	76
369	76
370	77
371	77
372	77
373	77
374	77
375	77
376	77
377	77
378	77
379	77
380	77
381	77
382	77
383	77
384	77
385	77
386	77
387	77
388	77
389	77
390	77
391	77
392	77
393	77
394	92
395	92
396	78
397	78
398	78
399	78
400	78
401	78
402	78
403	78
404	78
405	78
406	78
407	78
408	78
409	78
410	78
411	78
412	78
413	78
414	78
415	78
416	78
417	78
418	78
419	78
420	78
421	78
422	78
423	79
424	92
425	79
426	79
427	79
428	68
429	68
430	68
431	68
432	68
433	68
434	68
435	68
436	68
437	68
438	68
439	68
440	68
441	68
442	69
443	69
444	69
445	69
446	69
447	69
448	69
449	69
450	69
451	69
452	69
453	69
454	69
455	69
456	69
457	69
458	69
459	69
460	70
461	70
462	70
463	70
464	70
465	71
466	71
467	71
468	71
469	71
470	71
471	71
472	71
473	71
474	71
475	71
476	71
477	71
478	71
479	72
480	72
481	72
482	72
483	72
484	72
485	72
486	91
487	72
488	72
489	72
490	72
491	72
492	91
493	72
494	72
495	92
496	92
497	72
498	72
499	72
500	73
501	73
502	73
503	73
504	73
505	73
506	73
507	73
508	73
509	73
510	73
511	73
512	73
513	73
514	73
515	73
516	74
517	74
518	74
519	80
520	81
521	82
522	83
523	1
524	6
525	6
526	13
527	58
528	8
529	8
530	9
531	9
532	10
533	10
534	11
535	11
536	12
537	12
538	13
539	2
540	3
541	4
542	5;

param Distancia:	0	1	2	3	4	5	6	7	8	9	10	11	12	13	14	15	16	17	18	19	20	21	22	23	24	25	26	27	28	29	30	31	32	33	34	35	36	37	38	39	40	41	42	43	44	45	46	47	48	49	50	51	52	53	54	55	56	57	58	59	60	61	62	63	64	65	66	67	68	69	70	71	72	73	74	75	76	77	78	79	80	81	82	83	84	85	86	87	88	89	90	91	92	93	94	95	96	97	98	99	100	101	102	103	104	105	106	107	108:=
0	0	5	8	10	13	15	18	20	23	25	28	30	0	35	38	40	8	11	13	0	18	21	23	26	28	31	33	36	38	41	0	32	30	27	0	27	30	32	35	37	40	42	45	47	50	0	32	30	27	0	27	30	32	35	37	40	42	45	47	50	0	43	41	38	0	38	41	43	46	48	51	53	56	58	61	0	43	41	38	0	38	41	43	46	48	0	53	56	58	61	63	67	64	62	54	52	49	0	49	52	54	57	59	0	64	67	69	72	74
1	5	0	3	5	8	10	13	15	18	20	23	25	0	30	33	35	3	6	8	0	13	16	18	21	23	26	28	31	33	36	0	27	25	22	0	22	25	27	30	32	35	37	39.5	42	44.5	0	27	24.5	22	0	22	24.5	27	29.5	32	34.5	37	39.5	42	44.5	0	38	35.5	33	0	33	35.5	38	40.5	43	45.5	48	50.5	53	55.5	0	38	35.5	33	0	33	35.5	38	40.5	43	0	48	50.5	53	55.5	58	61.5	59	56.5	49	46.5	44	0	44	46.5	49	51.5	54	0	59	61.5	64	66.5	69
2	8	3	0	3	5	8	10	13	15	18	20	23	0	28	30	33	6	3	6	0	11	13	16	18	21	23	26	28	31	33	0	20	22	20	0	20	22	25	27	30	32	34.5	37	39.5	42	0	19.5	22	19.5	0	19.5	22	24.5	27	29.5	32	34.5	37	39.5	42	0	30.5	33	30.5	0	30.5	33	35.5	38	40.5	43	45.5	48	50.5	53	0	30.5	33	30.5	0	30.5	33	35.5	38	40.5	0	45.5	48	50.5	53	55.5	64	61.5	59	56.5	44	41.5	0	41.5	44	46.5	49	51.5	0	56.5	59	61.5	64	66.5
3	10	5	3	0	3	5	8	10	13	15	18	20	0	25	28	30	8	6	3	0	8	11	13	16	18	21	23	26	28	31	0	22	25	17	0	17	20	22	25	27	30	32	34.5	37	39.5	0	22	24.5	17	0	17	19.5	22	24.5	27	29.5	32	34.5	37	39.5	0	33	35.5	28	0	28	30.5	33	35.5	38	40.5	43	45.5	48	50.5	0	33	35.5	28	0	28	30.5	33	35.5	38	0	43	45.5	48	50.5	53	66.5	64	61.5	59	56.5	39	0	39	41.5	44	46.5	49	0	54	56.5	59	61.5	64
4	13	8	5	3	0	3	5	8	10	13	15	18	0	23	25	28	11	8	6	0	6	8	11	13	16	18	21	23	26	28	0	20	17	15	0	15	17	20	22	25	27	29.5	32	34.5	37	0	19.5	17	14.5	0	14.5	17	19.5	22	24.5	27	29.5	32	34.5	37	0	30.5	28	25.5	0	25.5	28	30.5	33	35.5	38	40.5	43	45.5	48	0	30.5	28	25.5	0	25.5	28	30.5	33	35.5	0	40.5	43	45.5	48	50.5	49	46.5	44	41.5	39	36.5	0	36.5	39	41.5	44	46.5	0	51.5	54	56.5	59	61.5
5	15	10	8	5	3	0	3	5	8	10	13	15	0	20	23	25	13	11	8	0	3	6	8	11	13	16	18	21	23	26	0	22	20	17	0	62	60	57	55	52	50	47	44.5	42	39.5	0	22	19.5	17	0	62	59.5	57	54.5	52	49.5	47	44.5	42	39.5	0	33	30.5	28	0	73	70.5	68	65.5	63	60.5	58	55.5	53	50.5	0	33	30.5	28	0	73	70.5	68	65.5	63	0	58	55.5	53	50.5	48	51.5	49	46.5	44	41.5	39	0	84	81.5	79	76.5	74	0	74	76.5	79	81.5	84
6	18	13	10	8	5	3	0	3	5	8	10	13	0	18	20	23	16	13	11	0	6	3	6	8	11	13	16	18	21	23	0	25	22	20	0	20	57	55	52	50	47	44.5	42	39.5	37	0	24.5	22	19.5	0	19.5	57	54.5	52	49.5	47	44.5	42	39.5	37	0	35.5	33	30.5	0	30.5	68	65.5	63	60.5	58	55.5	53	50.5	48	0	35.5	33	30.5	0	30.5	68	65.5	63	60.5	0	55.5	53	50.5	48	45.5	54	51.5	49	46.5	44	41.5	0	41.5	79	76.5	74	71.5	0	71.5	74	76.5	79	81.5
7	20	15	13	10	8	5	3	0	3	5	8	10	0	15	18	20	18	16	13	0	8	6	3	6	8	11	13	16	18	21	0	27	25	22	0	22	25	52	50	47	45	42	39.5	37	34.5	0	27	24.5	22	0	22	24.5	52	49.5	47	44.5	42	39.5	37	34.5	0	38	35.5	33	0	33	35.5	63	60.5	58	55.5	53	50.5	48	45.5	0	38	35.5	33	0	33	35.5	63	60.5	58	0	53	50.5	48	45.5	43	56.5	54	51.5	49	46.5	44	0	44	46.5	74	71.5	69	0	69	71.5	74	76.5	79
8	23	18	15	13	10	8	5	3	0	3	5	8	0	13	15	18	21	18	16	0	11	8	6	3	6	8	11	13	16	18	0	30	27	25	0	25	27	30	47	45	42	39.5	37	34.5	32	0	29.5	27	24.5	0	24.5	27	29.5	47	44.5	42	39.5	37	34.5	32	0	40.5	38	35.5	0	35.5	38	40.5	58	55.5	53	50.5	48	45.5	43	0	40.5	38	35.5	0	35.5	38	40.5	58	55.5	0	50.5	48	45.5	43	40.5	59	56.5	54	51.5	49	46.5	0	46.5	49	51.5	69	66.5	0	66.5	69	71.5	74	76.5
9	25	20	18	15	13	10	8	5	3	0	3	5	0	10	13	15	23	21	18	0	13	11	8	6	3	6	8	11	13	16	0	32	30	27	0	27	30	32	35	42	40	37	34.5	32	29.5	0	32	29.5	27	0	27	29.5	32	34.5	42	39.5	37	34.5	32	29.5	0	43	40.5	38	0	38	40.5	43	45.5	53	50.5	48	45.5	43	40.5	0	43	40.5	38	0	38	40.5	43	45.5	53	0	48	45.5	43	40.5	38	61.5	59	56.5	54	51.5	49	0	49	51.5	54	56.5	64	0	64	66.5	69	71.5	74
10	28	23	20	18	15	13	10	8	5	3	0	3	0	8	10	13	26	23	21	0	16	13	11	8	6	3	6	8	11	13	0	35	32	30	0	30	32	35	37	40	37	34.5	32	29.5	27	0	34.5	32	29.5	0	29.5	32	34.5	37	39.5	37	34.5	32	29.5	27	0	45.5	43	40.5	0	40.5	43	45.5	48	50.5	48	45.5	43	40.5	38	0	45.5	43	40.5	0	40.5	43	45.5	48	50.5	0	45.5	43	40.5	38	35.5	64	61.5	59	56.5	54	51.5	0	51.5	54	56.5	59	61.5	0	61.5	64	66.5	69	71.5
11	30	25	23	20	18	15	13	10	8	5	3	0	0	5	8	10	28	26	23	0	18	16	13	11	8	6	3	6	8	11	0	37	35	32	0	32	35	37	40	42	45	32	29.5	27	24.5	0	37	34.5	32	0	32	34.5	37	39.5	42	44.5	32	29.5	27	24.5	0	48	45.5	43	0	43	45.5	48	50.5	53	55.5	43	40.5	38	35.5	0	48	45.5	43	0	43	45.5	48	50.5	53	0	43	40.5	38	35.5	33	66.5	64	61.5	59	56.5	54	0	54	56.5	59	61.5	64	0	59	61.5	64	66.5	69
12	0	0	0	0	0	0	0	0	0	0	0	0	0	0	0	0	0	0	0	0	0	0	0	0	0	0	0	0	0	0	0	0	0	0	0	0	0	0	0	0	0	0	0	0	0	0	0	0	0	0	0	0	0	0	0	0	0	0	0	0	0	0	0	0	0	0	0	0	0	0	0	0	0	0	0	0	0	0	0	0	0	0	0	0	0	0	0	0	0	0	0	0	0	0	0	0	0	0	0	0	0	0	0	0	0	0	0	0	0
13	35	30	27.5	25	22.5	20	17.5	15	12.5	10	7.5	5	0	0	2.5	5	33	30.5	28	0	23	20.5	18	15.5	13	10.5	8	5.5	3	5.5	0	42	39.5	37	0	37	39.5	42	44.5	47	49.5	52	54.5	22	19.5	0	42	39.5	37	0	37	39.5	42	44.5	47	49.5	52	54.5	22	19.5	0	53	50.5	48	0	48	50.5	53	55.5	58	60.5	63	65.5	33	30.5	0	53	50.5	48	0	48	50.5	53	55.5	58	0	63	65.5	33	30.5	28	71.5	69	66.5	64	61.5	59	0	59	61.5	64	66.5	69	0	74	76.5	59	61.5	64
14	38	32.5	30	27.5	25	22.5	20	17.5	15	12.5	10	7.5	0	2.5	0	2.5	35.5	33	30.5	0	25.5	23	20.5	18	15.5	13	10.5	8	5.5	3	0	44.5	42	39.5	0	39.5	42	44.5	47	49.5	52	54.5	57	59.5	17	0	44.5	42	39.5	0	39.5	42	44.5	47	49.5	52	54.5	57	59.5	17	0	55.5	53	50.5	0	50.5	53	55.5	58	60.5	63	65.5	68	70.5	28	0	55.5	53	50.5	0	50.5	53	55.5	58	60.5	0	65.5	68	70.5	28	25.5	74	71.5	69	66.5	64	61.5	0	61.5	64	66.5	69	71.5	0	76.5	79	81.5	59	61.5
15	40	35	32.5	30	27.5	25	22.5	20	17.5	15	12.5	10	0	5	2.5	0	38	35.5	33	0	28	25.5	23	20.5	18	15.5	13	10.5	8	5.5	0	47	44.5	42	0	37	34.5	32	29.5	27	24.5	22	19.5	17	14.5	0	47	44.5	42	0	37	34.5	32	29.5	27	24.5	22	19.5	17	14.5	0	58	55.5	53	0	48	45.5	43	40.5	38	35.5	33	30.5	28	25.5	0	58	55.5	53	0	48	45.5	43	40.5	38	0	33	30.5	28	25.5	23	76.5	74	71.5	69	66.5	64	0	59	56.5	54	51.5	49	0	49	51.5	54	56.5	59
16	8	3	5.5	8	10.5	13	15.5	18	20.5	23	25.5	28	0	33	35.5	38	0	2.5	5	0	10	12.5	15	17.5	20	22.5	25	27.5	30	32.5	0	27	24.5	22	0	22	24.5	27	29.5	32	34.5	37	39.5	42	44.5	0	27	24.5	22	0	22	24.5	27	29.5	32	34.5	37	39.5	42	44.5	0	38	35.5	33	0	33	35.5	38	40.5	43	45.5	48	50.5	53	55.5	0	38	35.5	33	0	33	35.5	38	40.5	43	0	48	50.5	53	55.5	58	61.5	59	56.5	49	46.5	44	0	44	46.5	49	51.5	54	0	59	61.5	64	66.5	69
17	11	5.5	3	5.5	8	10.5	13	15.5	18	20.5	23	25.5	0	30.5	33	35.5	2.5	0	2.5	0	7.5	10	12.5	15	17.5	20	22.5	25	27.5	30	0	19.5	22	19.5	0	19.5	22	24.5	27	29.5	32	34.5	37	39.5	42	0	19.5	22	19.5	0	19.5	22	24.5	27	29.5	32	34.5	37	39.5	42	0	30.5	33	30.5	0	30.5	33	35.5	38	40.5	43	45.5	48	50.5	53	0	30.5	33	30.5	0	30.5	33	35.5	38	40.5	0	45.5	48	50.5	53	55.5	64	61.5	59	56.5	44	41.5	0	41.5	44	46.5	49	51.5	0	56.5	59	61.5	64	66.5
18	13	8	5.5	3	5.5	8	10.5	13	15.5	18	20.5	23	0	28	30.5	33	5	2.5	0	0	5	7.5	10	12.5	15	17.5	20	22.5	25	27.5	0	22	24.5	17	0	17	19.5	22	24.5	27	29.5	32	34.5	37	39.5	0	22	24.5	17	0	17	19.5	22	24.5	27	29.5	32	34.5	37	39.5	0	33	35.5	28	0	28	30.5	33	35.5	38	40.5	43	45.5	48	50.5	0	33	35.5	28	0	28	30.5	33	35.5	38	0	43	45.5	48	50.5	53	66.5	64	61.5	59	56.5	39	0	39	41.5	44	46.5	49	0	54	56.5	59	61.5	64
19	0	0	0	0	0	0	0	0	0	0	0	0	0	0	0	0	0	0	0	0	0	0	0	0	0	0	0	0	0	0	0	0	0	0	0	0	0	0	0	0	0	0	0	0	0	0	0	0	0	0	0	0	0	0	0	0	0	0	0	0	0	0	0	0	0	0	0	0	0	0	0	0	0	0	0	0	0	0	0	0	0	0	0	0	0	0	0	0	0	0	0	0	0	0	0	0	0	0	0	0	0	0	0	0	0	0	0	0	0
20	18	13	10.5	8	5.5	3	5.5	8	10.5	13	15.5	18	0	23	25.5	28	10	7.5	5	0	0	2.5	5	7.5	10	12.5	15	17.5	20	22.5	0	22	19.5	17	0	62	59.5	57	54.5	52	49.5	47	44.5	42	39.5	0	22	19.5	17	0	62	59.5	57	54.5	52	49.5	47	44.5	42	39.5	0	33	30.5	28	0	73	70.5	68	65.5	63	60.5	58	55.5	53	50.5	0	33	30.5	28	0	73	70.5	68	65.5	63	0	58	55.5	53	50.5	48	51.5	49	46.5	44	41.5	39	0	84	81.5	79	76.5	74	0	74	76.5	79	81.5	84
21	21	15.5	13	10.5	8	5.5	3	5.5	8	10.5	13	15.5	0	20.5	23	25.5	12.5	10	7.5	0	2.5	0	2.5	5	7.5	10	12.5	15	17.5	20	0	24.5	22	19.5	0	19.5	57	54.5	52	49.5	47	44.5	42	39.5	37	0	24.5	22	19.5	0	19.5	57	54.5	52	49.5	47	44.5	42	39.5	37	0	35.5	33	30.5	0	30.5	68	65.5	63	60.5	58	55.5	53	50.5	48	0	35.5	33	30.5	0	30.5	68	65.5	63	60.5	0	55.5	53	50.5	48	45.5	54	51.5	49	46.5	44	41.5	0	41.5	79	76.5	74	71.5	0	71.5	74	76.5	79	81.5
22	23	18	15.5	13	10.5	8	5.5	3	5.5	8	10.5	13	0	18	20.5	23	15	12.5	10	0	5	2.5	0	2.5	5	7.5	10	12.5	15	17.5	0	27	24.5	22	0	22	24.5	52	49.5	47	44.5	42	39.5	37	34.5	0	27	24.5	22	0	22	24.5	52	49.5	47	44.5	42	39.5	37	34.5	0	38	35.5	33	0	33	35.5	63	60.5	58	55.5	53	50.5	48	45.5	0	38	35.5	33	0	33	35.5	63	60.5	58	0	53	50.5	48	45.5	43	56.5	54	51.5	49	46.5	44	0	44	46.5	74	71.5	69	0	69	71.5	74	76.5	79
23	26	20.5	18	15.5	13	10.5	8	5.5	3	5.5	8	10.5	0	15.5	18	20.5	17.5	15	12.5	0	7.5	5	2.5	0	2.5	5	7.5	10	12.5	15	0	29.5	27	24.5	0	24.5	27	29.5	47	44.5	42	39.5	37	34.5	32	0	29.5	27	24.5	0	24.5	27	29.5	47	44.5	42	39.5	37	34.5	32	0	40.5	38	35.5	0	35.5	38	40.5	58	55.5	53	50.5	48	45.5	43	0	40.5	38	35.5	0	35.5	38	40.5	58	55.5	0	50.5	48	45.5	43	40.5	59	56.5	54	51.5	49	46.5	0	46.5	49	51.5	69	66.5	0	66.5	69	71.5	74	76.5
24	28	23	20.5	18	15.5	13	10.5	8	5.5	3	5.5	8	0	13	15.5	18	20	17.5	15	0	10	7.5	5	2.5	0	2.5	5	7.5	10	12.5	0	32	29.5	27	0	27	29.5	32	34.5	42	39.5	37	34.5	32	29.5	0	32	29.5	27	0	27	29.5	32	34.5	42	39.5	37	34.5	32	29.5	0	43	40.5	38	0	38	40.5	43	45.5	53	50.5	48	45.5	43	40.5	0	43	40.5	38	0	38	40.5	43	45.5	53	0	48	45.5	43	40.5	38	61.5	59	56.5	54	51.5	49	0	49	51.5	54	56.5	64	0	64	66.5	69	71.5	74
25	31	25.5	23	20.5	18	15.5	13	10.5	8	5.5	3	5.5	0	10.5	13	15.5	22.5	20	17.5	0	12.5	10	7.5	5	2.5	0	2.5	5	7.5	10	0	34.5	32	29.5	0	29.5	32	34.5	37	39.5	37	34.5	32	29.5	27	0	34.5	32	29.5	0	29.5	32	34.5	37	39.5	37	34.5	32	29.5	27	0	45.5	43	40.5	0	40.5	43	45.5	48	50.5	48	45.5	43	40.5	38	0	45.5	43	40.5	0	40.5	43	45.5	48	50.5	0	45.5	43	40.5	38	35.5	64	61.5	59	56.5	54	51.5	0	51.5	54	56.5	59	61.5	0	61.5	64	66.5	69	71.5
26	33	28	25.5	23	20.5	18	15.5	13	10.5	8	5.5	3	0	8	10.5	13	25	22.5	20	0	15	12.5	10	7.5	5	2.5	0	2.5	5	7.5	0	37	34.5	32	0	32	34.5	37	39.5	42	44.5	32	29.5	27	24.5	0	37	34.5	32	0	32	34.5	37	39.5	42	44.5	32	29.5	27	24.5	0	48	45.5	43	0	43	45.5	48	50.5	53	55.5	43	40.5	38	35.5	0	48	45.5	43	0	43	45.5	48	50.5	53	0	43	40.5	38	35.5	33	66.5	64	61.5	59	56.5	54	0	54	56.5	59	61.5	64	0	59	61.5	64	66.5	69
27	36	30.5	28	25.5	23	20.5	18	15.5	13	10.5	8	5.5	0	5.5	8	10.5	27.5	25	22.5	0	17.5	15	12.5	10	7.5	5	2.5	0	2.5	5	0	39.5	37	34.5	0	34.5	37	39.5	42	44.5	47	49.5	27	24.5	22	0	39.5	37	34.5	0	34.5	37	39.5	42	44.5	47	49.5	27	24.5	22	0	50.5	48	45.5	0	45.5	48	50.5	53	55.5	58	60.5	38	35.5	33	0	50.5	48	45.5	0	45.5	48	50.5	53	55.5	0	60.5	38	35.5	33	30.5	69	66.5	64	61.5	59	56.5	0	56.5	59	61.5	64	66.5	0	71.5	59	61.5	64	66.5
28	38	33	30.5	28	25.5	23	20.5	18	15.5	13	10.5	8	0	3	5.5	8	30	27.5	25	0	20	17.5	15	12.5	10	7.5	5	2.5	0	2.5	0	42	39.5	37	0	37	39.5	42	44.5	47	49.5	52	54.5	22	19.5	0	42	39.5	37	0	37	39.5	42	44.5	47	49.5	52	54.5	22	19.5	0	53	50.5	48	0	48	50.5	53	55.5	58	60.5	63	65.5	33	30.5	0	53	50.5	48	0	48	50.5	53	55.5	58	0	63	65.5	33	30.5	28	71.5	69	66.5	64	61.5	59	0	59	61.5	64	66.5	69	0	74	76.5	59	61.5	64
29	41	35.5	33	30.5	28	25.5	23	20.5	18	15.5	13	10.5	0	5.5	3	5.5	32.5	30	27.5	0	22.5	20	17.5	15	12.5	10	7.5	5	2.5	0	0	44.5	42	39.5	0	39.5	42	44.5	47	49.5	52	54.5	57	59.5	17	0	44.5	42	39.5	0	39.5	42	44.5	47	49.5	52	54.5	57	59.5	17	0	55.5	53	50.5	0	50.5	53	55.5	58	60.5	63	65.5	68	70.5	28	0	55.5	53	50.5	0	50.5	53	55.5	58	60.5	0	65.5	68	70.5	28	25.5	74	71.5	69	66.5	64	61.5	0	61.5	64	66.5	69	71.5	0	76.5	79	81.5	59	61.5
30	0	0	0	0	0	0	0	0	0	0	0	0	0	0	0	0	0	0	0	0	0	0	0	0	0	0	0	0	0	0	0	0	0	0	0	0	0	0	0	0	0	0	0	0	0	0	0	0	0	0	0	0	0	0	0	0	0	0	0	0	0	0	0	0	0	0	0	0	0	0	0	0	0	0	0	0	0	0	0	0	0	0	0	0	0	0	0	0	0	0	0	0	0	0	0	0	0	0	0	0	0	0	0	0	0	0	0	0	0
31	32	27	19.5	22	19.5	22	24.5	27	29.5	32	34.5	37	0	42	44.5	47	27	19.5	22	0	22	24.5	27	29.5	32	34.5	37	39.5	42	44.5	0	0	2.5	5	0	10	12.5	15	17.5	20	22.5	25	27.5	30	32.5	0	3	5.5	8	0	13	15.5	18	20.5	23	25.5	28	30.5	33	35.5	0	29	26.5	24	0	24	26.5	29	31.5	34	36.5	39	41.5	44	46.5	0	29	26.5	24	0	24	26.5	29	31.5	34	0	39	41.5	44	46.5	49	52.5	50	47.5	40	37.5	35	0	35	37.5	40	42.5	45	0	50	52.5	55	57.5	60
32	30	24.5	22	24.5	17	19.5	22	24.5	27	29.5	32	34.5	0	39.5	42	44.5	24.5	22	24.5	0	19.5	22	24.5	27	29.5	32	34.5	37	39.5	42	0	2.5	0	2.5	0	7.5	10	12.5	15	17.5	20	22.5	25	27.5	30	0	5.5	3	5.5	0	10.5	13	15.5	18	20.5	23	25.5	28	30.5	33	0	21.5	24	21.5	0	21.5	24	26.5	29	31.5	34	36.5	39	41.5	44	0	21.5	24	21.5	0	21.5	24	26.5	29	31.5	0	36.5	39	41.5	44	46.5	55	52.5	50	47.5	35	32.5	0	32.5	35	37.5	40	42.5	0	47.5	50	52.5	55	57.5
33	27	22	19.5	17	14.5	17	19.5	22	24.5	27	29.5	32	0	37	39.5	42	22	19.5	17	0	17	19.5	22	24.5	27	29.5	32	34.5	37	39.5	0	5	2.5	0	0	5	7.5	10	12.5	15	17.5	20	22.5	25	27.5	0	8	5.5	3	0	8	10.5	13	15.5	18	20.5	23	25.5	28	30.5	0	24	26.5	19	0	19	21.5	24	26.5	29	31.5	34	36.5	39	41.5	0	24	26.5	19	0	19	21.5	24	26.5	29	0	34	36.5	39	41.5	44	57.5	55	52.5	50	47.5	30	0	30	32.5	35	37.5	40	0	45	47.5	50	52.5	55
34	0	0	0	0	0	0	0	0	0	0	0	0	0	0	0	0	0	0	0	0	0	0	0	0	0	0	0	0	0	0	0	0	0	0	0	0	0	0	0	0	0	0	0	0	0	0	0	0	0	0	0	0	0	0	0	0	0	0	0	0	0	0	0	0	0	0	0	0	0	0	0	0	0	0	0	0	0	0	0	0	0	0	0	0	0	0	0	0	0	0	0	0	0	0	0	0	0	0	0	0	0	0	0	0	0	0	0	0	0
35	27	22	19.5	17	14.5	62	19.5	22	24.5	27	29.5	32	0	37	39.5	37	22	19.5	17	0	62	19.5	22	24.5	27	29.5	32	34.5	37	39.5	0	10	7.5	5	0	0	2.5	5	7.5	10	12.5	15	17.5	20	22.5	0	13	10.5	8	0	3	5.5	8	10.5	13	15.5	18	20.5	23	25.5	0	24	21.5	19	0	64	61.5	59	56.5	54	51.5	49	46.5	44	41.5	0	24	21.5	19	0	64	61.5	59	56.5	54	0	49	46.5	44	41.5	39	42.5	40	37.5	35	32.5	30	0	75	72.5	70	67.5	65	0	65	67.5	70	72.5	75
36	30	24.5	22	19.5	17	59.5	57	24.5	27	29.5	32	34.5	0	39.5	42	34.5	24.5	22	19.5	0	59.5	57	24.5	27	29.5	32	34.5	37	39.5	42	0	12.5	10	7.5	0	2.5	0	2.5	5	7.5	10	12.5	15	17.5	20	0	15.5	13	10.5	0	5.5	3	5.5	8	10.5	13	15.5	18	20.5	23	0	26.5	24	21.5	0	21.5	59	56.5	54	51.5	49	46.5	44	41.5	39	0	26.5	24	21.5	0	21.5	59	56.5	54	51.5	0	46.5	44	41.5	39	36.5	45	42.5	40	37.5	35	32.5	0	32.5	70	67.5	65	62.5	0	62.5	65	67.5	70	72.5
37	32	27	24.5	22	19.5	57	54.5	52	29.5	32	34.5	37	0	42	44.5	32	27	24.5	22	0	57	54.5	52	29.5	32	34.5	37	39.5	42	44.5	0	15	12.5	10	0	5	2.5	0	2.5	5	7.5	10	12.5	15	17.5	0	18	15.5	13	0	8	5.5	3	5.5	8	10.5	13	15.5	18	20.5	0	29	26.5	24	0	24	26.5	54	51.5	49	46.5	44	41.5	39	36.5	0	29	26.5	24	0	24	26.5	54	51.5	49	0	44	41.5	39	36.5	34	47.5	45	42.5	40	37.5	35	0	35	37.5	65	62.5	60	0	60	62.5	65	67.5	70
38	35	29.5	27	24.5	22	54.5	52	49.5	47	34.5	37	39.5	0	44.5	47	29.5	29.5	27	24.5	0	54.5	52	49.5	47	34.5	37	39.5	42	44.5	47	0	17.5	15	12.5	0	7.5	5	2.5	0	2.5	5	7.5	10	12.5	15	0	20.5	18	15.5	0	10.5	8	5.5	3	5.5	8	10.5	13	15.5	18	0	31.5	29	26.5	0	26.5	29	31.5	49	46.5	44	41.5	39	36.5	34	0	31.5	29	26.5	0	26.5	29	31.5	49	46.5	0	41.5	39	36.5	34	31.5	50	47.5	45	42.5	40	37.5	0	37.5	40	42.5	60	57.5	0	57.5	60	62.5	65	67.5
39	37	32	29.5	27	24.5	52	49.5	47	44.5	42	39.5	42	0	47	49.5	27	32	29.5	27	0	52	49.5	47	44.5	42	39.5	42	44.5	47	49.5	0	20	17.5	15	0	10	7.5	5	2.5	0	2.5	5	7.5	10	12.5	0	23	20.5	18	0	13	10.5	8	5.5	3	5.5	8	10.5	13	15.5	0	34	31.5	29	0	29	31.5	34	36.5	44	41.5	39	36.5	34	31.5	0	34	31.5	29	0	29	31.5	34	36.5	44	0	39	36.5	34	31.5	29	52.5	50	47.5	45	42.5	40	0	40	42.5	45	47.5	55	0	55	57.5	60	62.5	65
40	40	34.5	32	29.5	27	49.5	47	44.5	42	39.5	37	44.5	0	49.5	52	24.5	34.5	32	29.5	0	49.5	47	44.5	42	39.5	37	44.5	47	49.5	52	0	22.5	20	17.5	0	12.5	10	7.5	5	2.5	0	2.5	5	7.5	10	0	25.5	23	20.5	0	15.5	13	10.5	8	5.5	3	5.5	8	10.5	13	0	36.5	34	31.5	0	31.5	34	36.5	39	41.5	39	36.5	34	31.5	29	0	36.5	34	31.5	0	31.5	34	36.5	39	41.5	0	36.5	34	31.5	29	26.5	55	52.5	50	47.5	45	42.5	0	42.5	45	47.5	50	52.5	0	52.5	55	57.5	60	62.5
41	42	37	34.5	32	29.5	47	44.5	42	39.5	37	34.5	32	0	52	54.5	22	37	34.5	32	0	47	44.5	42	39.5	37	34.5	32	49.5	52	54.5	0	25	22.5	20	0	15	12.5	10	7.5	5	2.5	0	2.5	5	7.5	0	28	25.5	23	0	18	15.5	13	10.5	8	5.5	3	5.5	8	10.5	0	39	36.5	34	0	34	36.5	39	41.5	44	46.5	34	31.5	29	26.5	0	39	36.5	34	0	34	36.5	39	41.5	44	0	34	31.5	29	26.5	24	57.5	55	52.5	50	47.5	45	0	45	47.5	50	52.5	55	0	50	52.5	55	57.5	60
42	45	39.5	37	34.5	32	44.5	42	39.5	37	34.5	32	29.5	0	54.5	57	19.5	39.5	37	34.5	0	44.5	42	39.5	37	34.5	32	29.5	27	54.5	57	0	27.5	25	22.5	0	17.5	15	12.5	10	7.5	5	2.5	0	2.5	5	0	30.5	28	25.5	0	20.5	18	15.5	13	10.5	8	5.5	3	5.5	8	0	41.5	39	36.5	0	36.5	39	41.5	44	46.5	49	51.5	29	26.5	24	0	41.5	39	36.5	0	36.5	39	41.5	44	46.5	0	51.5	29	26.5	24	21.5	60	57.5	55	52.5	50	47.5	0	47.5	50	52.5	55	57.5	0	62.5	50	52.5	55	57.5
43	47	42	39.5	37	34.5	42	39.5	37	34.5	32	29.5	27	0	22	59.5	17	42	39.5	37	0	42	39.5	37	34.5	32	29.5	27	24.5	22	59.5	0	30	27.5	25	0	20	17.5	15	12.5	10	7.5	5	2.5	0	2.5	0	33	30.5	28	0	23	20.5	18	15.5	13	10.5	8	5.5	3	5.5	0	44	41.5	39	0	39	41.5	44	46.5	49	51.5	54	56.5	24	21.5	0	44	41.5	39	0	39	41.5	44	46.5	49	0	54	56.5	24	21.5	19	62.5	60	57.5	55	52.5	50	0	50	52.5	55	57.5	60	0	65	67.5	50	52.5	55
44	50	44.5	42	39.5	37	39.5	37	34.5	32	29.5	27	24.5	0	19.5	17	14.5	44.5	42	39.5	0	39.5	37	34.5	32	29.5	27	24.5	22	19.5	17	0	32.5	30	27.5	0	22.5	20	17.5	15	12.5	10	7.5	5	2.5	0	0	35.5	33	30.5	0	25.5	23	20.5	18	15.5	13	10.5	8	5.5	3	0	46.5	44	41.5	0	41.5	44	46.5	49	51.5	54	56.5	59	61.5	19	0	46.5	44	41.5	0	41.5	44	46.5	49	51.5	0	56.5	59	61.5	19	16.5	65	62.5	60	57.5	55	52.5	0	52.5	55	57.5	60	62.5	0	67.5	70	72.5	50	52.5
45	0	0	0	0	0	0	0	0	0	0	0	0	0	0	0	0	0	0	0	0	0	0	0	0	0	0	0	0	0	0	0	0	0	0	0	0	0	0	0	0	0	0	0	0	0	0	0	0	0	0	0	0	0	0	0	0	0	0	0	0	0	0	0	0	0	0	0	0	0	0	0	0	0	0	0	0	0	0	0	0	0	0	0	0	0	0	0	0	0	0	0	0	0	0	0	0	0	0	0	0	0	0	0	0	0	0	0	0	0
46	32	27	19.5	22	19.5	22	24.5	27	29.5	32	34.5	37	0	42	44.5	47	27	19.5	22	0	22	24.5	27	29.5	32	34.5	37	39.5	42	44.5	0	3	5.5	8	0	13	15.5	18	20.5	23	25.5	28	30.5	33	35.5	0	0	2.5	5	0	10	12.5	15	17.5	20	22.5	25	27.5	30	32.5	0	29	26.5	24	0	24	26.5	29	31.5	34	36.5	39	41.5	44	46.5	0	29	26.5	24	0	24	26.5	29	31.5	34	0	39	41.5	44	46.5	49	52.5	50	47.5	40	37.5	35	0	35	37.5	40	42.5	45	0	50	52.5	55	57.5	60
47	30	24.5	22	24.5	17	19.5	22	24.5	27	29.5	32	34.5	0	39.5	42	44.5	24.5	22	24.5	0	19.5	22	24.5	27	29.5	32	34.5	37	39.5	42	0	5.5	3	5.5	0	10.5	13	15.5	18	20.5	23	25.5	28	30.5	33	0	2.5	0	2.5	0	7.5	10	12.5	15	17.5	20	22.5	25	27.5	30	0	21.5	24	21.5	0	21.5	24	26.5	29	31.5	34	36.5	39	41.5	44	0	21.5	24	21.5	0	21.5	24	26.5	29	31.5	0	36.5	39	41.5	44	46.5	55	52.5	50	47.5	35	32.5	0	32.5	35	37.5	40	42.5	0	47.5	50	52.5	55	57.5
48	27	22	19.5	17	14.5	17	19.5	22	24.5	27	29.5	32	0	37	39.5	42	22	19.5	17	0	17	19.5	22	24.5	27	29.5	32	34.5	37	39.5	0	8	5.5	3	0	8	10.5	13	15.5	18	20.5	23	25.5	28	30.5	0	5	2.5	0	0	5	7.5	10	12.5	15	17.5	20	22.5	25	27.5	0	24	26.5	19	0	19	21.5	24	26.5	29	31.5	34	36.5	39	41.5	0	24	26.5	19	0	19	21.5	24	26.5	29	0	34	36.5	39	41.5	44	57.5	55	52.5	50	47.5	30	0	30	32.5	35	37.5	40	0	45	47.5	50	52.5	55
49	0	0	0	0	0	0	0	0	0	0	0	0	0	0	0	0	0	0	0	0	0	0	0	0	0	0	0	0	0	0	0	0	0	0	0	0	0	0	0	0	0	0	0	0	0	0	0	0	0	0	0	0	0	0	0	0	0	0	0	0	0	0	0	0	0	0	0	0	0	0	0	0	0	0	0	0	0	0	0	0	0	0	0	0	0	0	0	0	0	0	0	0	0	0	0	0	0	0	0	0	0	0	0	0	0	0	0	0	0
50	27	22	19.5	17	14.5	62	19.5	22	24.5	27	29.5	32	0	37	39.5	37	22	19.5	17	0	62	19.5	22	24.5	27	29.5	32	34.5	37	39.5	0	13	10.5	8	0	3	5.5	8	10.5	13	15.5	18	20.5	23	25.5	0	10	7.5	5	0	0	2.5	5	7.5	10	12.5	15	17.5	20	22.5	0	24	21.5	19	0	64	61.5	59	56.5	54	51.5	49	46.5	44	41.5	0	24	21.5	19	0	64	61.5	59	56.5	54	0	49	46.5	44	41.5	39	42.5	40	37.5	35	32.5	30	0	75	72.5	70	67.5	65	0	65	67.5	70	72.5	75
51	30	24.5	22	19.5	17	59.5	57	24.5	27	29.5	32	34.5	0	39.5	42	34.5	24.5	22	19.5	0	59.5	57	24.5	27	29.5	32	34.5	37	39.5	42	0	15.5	13	10.5	0	5.5	3	5.5	8	10.5	13	15.5	18	20.5	23	0	12.5	10	7.5	0	2.5	0	2.5	5	7.5	10	12.5	15	17.5	20	0	26.5	24	21.5	0	21.5	59	56.5	54	51.5	49	46.5	44	41.5	39	0	26.5	24	21.5	0	21.5	59	56.5	54	51.5	0	46.5	44	41.5	39	36.5	45	42.5	40	37.5	35	32.5	0	32.5	70	67.5	65	62.5	0	62.5	65	67.5	70	72.5
52	32	27	24.5	22	19.5	57	54.5	52	29.5	32	34.5	37	0	42	44.5	32	27	24.5	22	0	57	54.5	52	29.5	32	34.5	37	39.5	42	44.5	0	18	15.5	13	0	8	5.5	3	5.5	8	10.5	13	15.5	18	20.5	0	15	12.5	10	0	5	2.5	0	2.5	5	7.5	10	12.5	15	17.5	0	29	26.5	24	0	24	26.5	54	51.5	49	46.5	44	41.5	39	36.5	0	29	26.5	24	0	24	26.5	54	51.5	49	0	44	41.5	39	36.5	34	47.5	45	42.5	40	37.5	35	0	35	37.5	65	62.5	60	0	60	62.5	65	67.5	70
53	35	29.5	27	24.5	22	54.5	52	49.5	47	34.5	37	39.5	0	44.5	47	29.5	29.5	27	24.5	0	54.5	52	49.5	47	34.5	37	39.5	42	44.5	47	0	20.5	18	15.5	0	10.5	8	5.5	3	5.5	8	10.5	13	15.5	18	0	17.5	15	12.5	0	7.5	5	2.5	0	2.5	5	7.5	10	12.5	15	0	31.5	29	26.5	0	26.5	29	31.5	49	46.5	44	41.5	39	36.5	34	0	31.5	29	26.5	0	26.5	29	31.5	49	46.5	0	41.5	39	36.5	34	31.5	50	47.5	45	42.5	40	37.5	0	37.5	40	42.5	60	57.5	0	57.5	60	62.5	65	67.5
54	37	32	29.5	27	24.5	52	49.5	47	44.5	42	39.5	42	0	47	49.5	27	32	29.5	27	0	52	49.5	47	44.5	42	39.5	42	44.5	47	49.5	0	23	20.5	18	0	13	10.5	8	5.5	3	5.5	8	10.5	13	15.5	0	20	17.5	15	0	10	7.5	5	2.5	0	2.5	5	7.5	10	12.5	0	34	31.5	29	0	29	31.5	34	36.5	44	41.5	39	36.5	34	31.5	0	34	31.5	29	0	29	31.5	34	36.5	44	0	39	36.5	34	31.5	29	52.5	50	47.5	45	42.5	40	0	40	42.5	45	47.5	55	0	55	57.5	60	62.5	65
55	40	34.5	32	29.5	27	49.5	47	44.5	42	39.5	37	44.5	0	49.5	52	24.5	34.5	32	29.5	0	49.5	47	44.5	42	39.5	37	44.5	47	49.5	52	0	25.5	23	20.5	0	15.5	13	10.5	8	5.5	3	5.5	8	10.5	13	0	22.5	20	17.5	0	12.5	10	7.5	5	2.5	0	2.5	5	7.5	10	0	36.5	34	31.5	0	31.5	34	36.5	39	41.5	39	36.5	34	31.5	29	0	36.5	34	31.5	0	31.5	34	36.5	39	41.5	0	36.5	34	31.5	29	26.5	55	52.5	50	47.5	45	42.5	0	42.5	45	47.5	50	52.5	0	52.5	55	57.5	60	62.5
56	42	37	34.5	32	29.5	47	44.5	42	39.5	37	34.5	32	0	52	54.5	22	37	34.5	32	0	47	44.5	42	39.5	37	34.5	32	49.5	52	54.5	0	28	25.5	23	0	18	15.5	13	10.5	8	5.5	3	5.5	8	10.5	0	25	22.5	20	0	15	12.5	10	7.5	5	2.5	0	2.5	5	7.5	0	39	36.5	34	0	34	36.5	39	41.5	44	46.5	34	31.5	29	26.5	0	39	36.5	34	0	34	36.5	39	41.5	44	0	34	31.5	29	26.5	24	57.5	55	52.5	50	47.5	45	0	45	47.5	50	52.5	55	0	50	52.5	55	57.5	60
57	45	39.5	37	34.5	32	44.5	42	39.5	37	34.5	32	29.5	0	54.5	57	19.5	39.5	37	34.5	0	44.5	42	39.5	37	34.5	32	29.5	27	54.5	57	0	30.5	28	25.5	0	20.5	18	15.5	13	10.5	8	5.5	3	5.5	8	0	27.5	25	22.5	0	17.5	15	12.5	10	7.5	5	2.5	0	2.5	5	0	41.5	39	36.5	0	36.5	39	41.5	44	46.5	49	51.5	29	26.5	24	0	41.5	39	36.5	0	36.5	39	41.5	44	46.5	0	51.5	29	26.5	24	21.5	60	57.5	55	52.5	50	47.5	0	47.5	50	52.5	55	57.5	0	62.5	50	52.5	55	57.5
58	47	42	39.5	37	34.5	42	39.5	37	34.5	32	29.5	27	0	22	59.5	17	42	39.5	37	0	42	39.5	37	34.5	32	29.5	27	24.5	22	59.5	0	33	30.5	28	0	23	20.5	18	15.5	13	10.5	8	5.5	3	5.5	0	30	27.5	25	0	20	17.5	15	12.5	10	7.5	5	2.5	0	2.5	0	44	41.5	39	0	39	41.5	44	46.5	49	51.5	54	56.5	24	21.5	0	44	41.5	39	0	39	41.5	44	46.5	49	0	54	56.5	24	21.5	19	62.5	60	57.5	55	52.5	50	0	50	52.5	55	57.5	60	0	65	67.5	50	52.5	55
59	50	44.5	42	39.5	37	39.5	37	34.5	32	29.5	27	24.5	0	19.5	17	14.5	44.5	42	39.5	0	39.5	37	34.5	32	29.5	27	24.5	22	19.5	17	0	35.5	33	30.5	0	25.5	23	20.5	18	15.5	13	10.5	8	5.5	3	0	32.5	30	27.5	0	22.5	20	17.5	15	12.5	10	7.5	5	2.5	0	0	46.5	44	41.5	0	41.5	44	46.5	49	51.5	54	56.5	59	61.5	19	0	46.5	44	41.5	0	41.5	44	46.5	49	51.5	0	56.5	59	61.5	19	16.5	65	62.5	60	57.5	55	52.5	0	52.5	55	57.5	60	62.5	0	67.5	70	72.5	50	52.5
60	0	0	0	0	0	0	0	0	0	0	0	0	0	0	0	0	0	0	0	0	0	0	0	0	0	0	0	0	0	0	0	0	0	0	0	0	0	0	0	0	0	0	0	0	0	0	0	0	0	0	0	0	0	0	0	0	0	0	0	0	0	0	0	0	0	0	0	0	0	0	0	0	0	0	0	0	0	0	0	0	0	0	0	0	0	0	0	0	0	0	0	0	0	0	0	0	0	0	0	0	0	0	0	0	0	0	0	0	0
61	43	38	30.5	33	30.5	33	35.5	38	40.5	43	45.5	48	0	53	55.5	58	38	30.5	33	0	33	35.5	38	40.5	43	45.5	48	50.5	53	55.5	0	29	21.5	24	0	24	26.5	29	31.5	34	36.5	39	41.5	44	46.5	0	29	21.5	24	0	24	26.5	29	31.5	34	36.5	39	41.5	44	46.5	0	0	2.5	5	0	10	12.5	15	17.5	20	22.5	25	27.5	30	32.5	0	3	5.5	8	0	13	15.5	18	20.5	23	0	28	30.5	33	35.5	38	36.5	34	31.5	29	26.5	24	0	24	26.5	29	31.5	34	0	39	41.5	44	46.5	49
62	41	35.5	33	35.5	28	30.5	33	35.5	38	40.5	43	45.5	0	50.5	53	55.5	35.5	33	35.5	0	30.5	33	35.5	38	40.5	43	45.5	48	50.5	53	0	26.5	24	26.5	0	21.5	24	26.5	29	31.5	34	36.5	39	41.5	44	0	26.5	24	26.5	0	21.5	24	26.5	29	31.5	34	36.5	39	41.5	44	0	2.5	0	2.5	0	7.5	10	12.5	15	17.5	20	22.5	25	27.5	30	0	5.5	3	5.5	0	10.5	13	15.5	18	20.5	0	25.5	28	30.5	33	35.5	34	31.5	29	26.5	24	21.5	0	21.5	24	26.5	29	31.5	0	36.5	39	41.5	44	46.5
63	38	33	30.5	28	25.5	28	30.5	33	35.5	38	40.5	43	0	48	50.5	53	33	30.5	28	0	28	30.5	33	35.5	38	40.5	43	45.5	48	50.5	0	24	21.5	19	0	19	21.5	24	26.5	29	31.5	34	36.5	39	41.5	0	24	21.5	19	0	19	21.5	24	26.5	29	31.5	34	36.5	39	41.5	0	5	2.5	0	0	5	7.5	10	12.5	15	17.5	20	22.5	25	27.5	0	8	5.5	3	0	8	10.5	13	15.5	18	0	23	25.5	28	30.5	33	31.5	29	26.5	24	21.5	19	0	19	21.5	24	26.5	29	0	34	36.5	39	41.5	44
64	0	0	0	0	0	0	0	0	0	0	0	0	0	0	0	0	0	0	0	0	0	0	0	0	0	0	0	0	0	0	0	0	0	0	0	0	0	0	0	0	0	0	0	0	0	0	0	0	0	0	0	0	0	0	0	0	0	0	0	0	0	0	0	0	0	0	0	0	0	0	0	0	0	0	0	0	0	0	0	0	0	0	0	0	0	0	0	0	0	0	0	0	0	0	0	0	0	0	0	0	0	0	0	0	0	0	0	0	0
65	38	33	30.5	28	25.5	73	30.5	33	35.5	38	40.5	43	0	48	50.5	48	33	30.5	28	0	73	30.5	33	35.5	38	40.5	43	45.5	48	50.5	0	24	21.5	19	0	64	21.5	24	26.5	29	31.5	34	36.5	39	41.5	0	24	21.5	19	0	64	21.5	24	26.5	29	31.5	34	36.5	39	41.5	0	10	7.5	5	0	0	2.5	5	7.5	10	12.5	15	17.5	20	22.5	0	13	10.5	8	0	3	5.5	8	10.5	13	0	18	20.5	23	25.5	28	31.5	29	26.5	24	21.5	19	0	39	36.5	34	31.5	29	0	29	31.5	34	36.5	39
66	41	35.5	33	30.5	28	70.5	68	35.5	38	40.5	43	45.5	0	50.5	53	45.5	35.5	33	30.5	0	70.5	68	35.5	38	40.5	43	45.5	48	50.5	53	0	26.5	24	21.5	0	61.5	59	26.5	29	31.5	34	36.5	39	41.5	44	0	26.5	24	21.5	0	61.5	59	26.5	29	31.5	34	36.5	39	41.5	44	0	12.5	10	7.5	0	2.5	0	2.5	5	7.5	10	12.5	15	17.5	20	0	15.5	13	10.5	0	5.5	3	5.5	8	10.5	0	15.5	18	20.5	23	25.5	34	31.5	29	26.5	24	21.5	0	21.5	34	31.5	29	26.5	0	26.5	29	31.5	34	36.5
67	43	38	35.5	33	30.5	68	65.5	63	40.5	43	45.5	48	0	53	55.5	43	38	35.5	33	0	68	65.5	63	40.5	43	45.5	48	50.5	53	55.5	0	29	26.5	24	0	59	56.5	54	31.5	34	36.5	39	41.5	44	46.5	0	29	26.5	24	0	59	56.5	54	31.5	34	36.5	39	41.5	44	46.5	0	15	12.5	10	0	5	2.5	0	2.5	5	7.5	10	12.5	15	17.5	0	18	15.5	13	0	8	5.5	3	5.5	8	0	13	15.5	18	20.5	23	36.5	34	31.5	29	26.5	24	0	24	26.5	29	26.5	24	0	24	26.5	29	31.5	34
68	46	40.5	38	35.5	33	65.5	63	60.5	58	45.5	48	50.5	0	55.5	58	40.5	40.5	38	35.5	0	65.5	63	60.5	58	45.5	48	50.5	53	55.5	58	0	31.5	29	26.5	0	56.5	54	51.5	49	36.5	39	41.5	44	46.5	49	0	31.5	29	26.5	0	56.5	54	51.5	49	36.5	39	41.5	44	46.5	49	0	17.5	15	12.5	0	7.5	5	2.5	0	2.5	5	7.5	10	12.5	15	0	20.5	18	15.5	0	10.5	8	5.5	3	5.5	0	10.5	13	15.5	18	20.5	39	36.5	34	31.5	29	26.5	0	26.5	29	31.5	24	21.5	0	21.5	24	26.5	29	31.5
69	48	43	40.5	38	35.5	63	60.5	58	55.5	53	50.5	53	0	58	60.5	38	43	40.5	38	0	63	60.5	58	55.5	53	50.5	53	55.5	58	60.5	0	34	31.5	29	0	54	51.5	49	46.5	44	41.5	44	46.5	49	51.5	0	34	31.5	29	0	54	51.5	49	46.5	44	41.5	44	46.5	49	51.5	0	20	17.5	15	0	10	7.5	5	2.5	0	2.5	5	7.5	10	12.5	0	23	20.5	18	0	13	10.5	8	5.5	3	0	8	10.5	13	15.5	18	41.5	39	36.5	34	31.5	29	0	29	31.5	34	36.5	19	0	19	21.5	24	26.5	29
70	51	45.5	43	40.5	38	60.5	58	55.5	53	50.5	48	55.5	0	60.5	63	35.5	45.5	43	40.5	0	60.5	58	55.5	53	50.5	48	55.5	58	60.5	63	0	36.5	34	31.5	0	51.5	49	46.5	44	41.5	39	46.5	49	51.5	54	0	36.5	34	31.5	0	51.5	49	46.5	44	41.5	39	46.5	49	51.5	54	0	22.5	20	17.5	0	12.5	10	7.5	5	2.5	0	2.5	5	7.5	10	0	25.5	23	20.5	0	15.5	13	10.5	8	5.5	0	5.5	8	10.5	13	15.5	44	41.5	39	36.5	34	31.5	0	26.5	24	21.5	19	16.5	0	16.5	19	21.5	24	26.5
71	53	48	45.5	43	40.5	58	55.5	53	50.5	48	45.5	43	0	63	65.5	33	48	45.5	43	0	58	55.5	53	50.5	48	45.5	43	60.5	63	65.5	0	39	36.5	34	0	49	46.5	44	41.5	39	36.5	34	51.5	54	56.5	0	39	36.5	34	0	49	46.5	44	41.5	39	36.5	34	51.5	54	56.5	0	25	22.5	20	0	15	12.5	10	7.5	5	2.5	0	2.5	5	7.5	0	28	25.5	23	0	18	15.5	13	10.5	8	0	3	5.5	8	10.5	13	46.5	44	41.5	39	36.5	34	0	29	26.5	24	21.5	19	0	19	21.5	24	26.5	29
72	56	50.5	48	45.5	43	55.5	53	50.5	48	45.5	43	40.5	0	65.5	68	30.5	50.5	48	45.5	0	55.5	53	50.5	48	45.5	43	40.5	38	65.5	68	0	41.5	39	36.5	0	46.5	44	41.5	39	36.5	34	31.5	29	56.5	59	0	41.5	39	36.5	0	46.5	44	41.5	39	36.5	34	31.5	29	56.5	59	0	27.5	25	22.5	0	17.5	15	12.5	10	7.5	5	2.5	0	2.5	5	0	30.5	28	25.5	0	20.5	18	15.5	13	10.5	0	5.5	3	5.5	8	10.5	49	46.5	44	41.5	39	36.5	0	31.5	29	26.5	24	21.5	0	21.5	24	26.5	29	31.5
73	58	53	50.5	48	45.5	53	50.5	48	45.5	43	40.5	38	0	33	70.5	28	53	50.5	48	0	53	50.5	48	45.5	43	40.5	38	35.5	33	70.5	0	44	41.5	39	0	44	41.5	39	36.5	34	31.5	29	26.5	24	61.5	0	44	41.5	39	0	44	41.5	39	36.5	34	31.5	29	26.5	24	61.5	0	30	27.5	25	0	20	17.5	15	12.5	10	7.5	5	2.5	0	2.5	0	33	30.5	28	0	23	20.5	18	15.5	13	0	8	5.5	3	5.5	8	51.5	49	46.5	44	41.5	39	0	34	31.5	29	26.5	24	0	24	26.5	29	31.5	34
74	61	55.5	53	50.5	48	50.5	48	45.5	43	40.5	38	35.5	0	30.5	28	25.5	55.5	53	50.5	0	50.5	48	45.5	43	40.5	38	35.5	33	30.5	28	0	46.5	44	41.5	0	41.5	39	36.5	34	31.5	29	26.5	24	21.5	19	0	46.5	44	41.5	0	41.5	39	36.5	34	31.5	29	26.5	24	21.5	19	0	32.5	30	27.5	0	22.5	20	17.5	15	12.5	10	7.5	5	2.5	0	0	35.5	33	30.5	0	25.5	23	20.5	18	15.5	0	10.5	8	5.5	3	5.5	54	51.5	49	46.5	44	41.5	0	36.5	34	31.5	29	26.5	0	26.5	29	31.5	34	36.5
75	0	0	0	0	0	0	0	0	0	0	0	0	0	0	0	0	0	0	0	0	0	0	0	0	0	0	0	0	0	0	0	0	0	0	0	0	0	0	0	0	0	0	0	0	0	0	0	0	0	0	0	0	0	0	0	0	0	0	0	0	0	0	0	0	0	0	0	0	0	0	0	0	0	0	0	0	0	0	0	0	0	0	0	0	0	0	0	0	0	0	0	0	0	0	0	0	0	0	0	0	0	0	0	0	0	0	0	0	0
76	43	38	30.5	33	30.5	33	35.5	38	40.5	43	45.5	48	0	53	55.5	58	38	30.5	33	0	33	35.5	38	40.5	43	45.5	48	50.5	53	55.5	0	29	21.5	24	0	24	26.5	29	31.5	34	36.5	39	41.5	44	46.5	0	29	21.5	24	0	24	26.5	29	31.5	34	36.5	39	41.5	44	46.5	0	3	5.5	8	0	13	15.5	18	20.5	23	25.5	28	30.5	33	35.5	0	0	2.5	5	0	10	12.5	15	17.5	20	0	25	27.5	30	32.5	35	36.5	34	31.5	29	26.5	24	0	24	26.5	29	31.5	34	0	39	41.5	44	46.5	49
77	41	35.5	33	35.5	28	30.5	33	35.5	38	40.5	43	45.5	0	50.5	53	55.5	35.5	33	35.5	0	30.5	33	35.5	38	40.5	43	45.5	48	50.5	53	0	26.5	24	26.5	0	21.5	24	26.5	29	31.5	34	36.5	39	41.5	44	0	26.5	24	26.5	0	21.5	24	26.5	29	31.5	34	36.5	39	41.5	44	0	5.5	3	5.5	0	10.5	13	15.5	18	20.5	23	25.5	28	30.5	33	0	2.5	0	2.5	0	7.5	10	12.5	15	17.5	0	22.5	25	27.5	30	32.5	34	31.5	29	26.5	24	21.5	0	21.5	24	26.5	29	31.5	0	36.5	39	41.5	44	46.5
78	38	33	30.5	28	25.5	28	30.5	33	35.5	38	40.5	43	0	48	50.5	53	33	30.5	28	0	28	30.5	33	35.5	38	40.5	43	45.5	48	50.5	0	24	21.5	19	0	19	21.5	24	26.5	29	31.5	34	36.5	39	41.5	0	24	21.5	19	0	19	21.5	24	26.5	29	31.5	34	36.5	39	41.5	0	8	5.5	3	0	8	10.5	13	15.5	18	20.5	23	25.5	28	30.5	0	5	2.5	0	0	5	7.5	10	12.5	15	0	20	22.5	25	27.5	30	31.5	29	26.5	24	21.5	19	0	19	21.5	24	26.5	29	0	34	36.5	39	41.5	44
79	0	0	0	0	0	0	0	0	0	0	0	0	0	0	0	0	0	0	0	0	0	0	0	0	0	0	0	0	0	0	0	0	0	0	0	0	0	0	0	0	0	0	0	0	0	0	0	0	0	0	0	0	0	0	0	0	0	0	0	0	0	0	0	0	0	0	0	0	0	0	0	0	0	0	0	0	0	0	0	0	0	0	0	0	0	0	0	0	0	0	0	0	0	0	0	0	0	0	0	0	0	0	0	0	0	0	0	0	0
80	38	33	30.5	28	25.5	73	30.5	33	35.5	38	40.5	43	0	48	50.5	48	33	30.5	28	0	73	30.5	33	35.5	38	40.5	43	45.5	48	50.5	0	24	21.5	19	0	64	21.5	24	26.5	29	31.5	34	36.5	39	41.5	0	24	21.5	19	0	64	21.5	24	26.5	29	31.5	34	36.5	39	41.5	0	13	10.5	8	0	3	5.5	8	10.5	13	15.5	18	20.5	23	25.5	0	10	7.5	5	0	0	2.5	5	7.5	10	0	15	17.5	20	22.5	25	31.5	29	26.5	24	21.5	19	0	39	36.5	34	31.5	29	0	29	31.5	34	36.5	39
81	41	35.5	33	30.5	28	70.5	68	35.5	38	40.5	43	45.5	0	50.5	53	45.5	35.5	33	30.5	0	70.5	68	35.5	38	40.5	43	45.5	48	50.5	53	0	26.5	24	21.5	0	61.5	59	26.5	29	31.5	34	36.5	39	41.5	44	0	26.5	24	21.5	0	61.5	59	26.5	29	31.5	34	36.5	39	41.5	44	0	15.5	13	10.5	0	5.5	3	5.5	8	10.5	13	15.5	18	20.5	23	0	12.5	10	7.5	0	2.5	0	2.5	5	7.5	0	12.5	15	17.5	20	22.5	34	31.5	29	26.5	24	21.5	0	21.5	34	31.5	29	26.5	0	26.5	29	31.5	34	36.5
82	43	38	35.5	33	30.5	68	65.5	63	40.5	43	45.5	48	0	53	55.5	43	38	35.5	33	0	68	65.5	63	40.5	43	45.5	48	50.5	53	55.5	0	29	26.5	24	0	59	56.5	54	31.5	34	36.5	39	41.5	44	46.5	0	29	26.5	24	0	59	56.5	54	31.5	34	36.5	39	41.5	44	46.5	0	18	15.5	13	0	8	5.5	3	5.5	8	10.5	13	15.5	18	20.5	0	15	12.5	10	0	5	2.5	0	2.5	5	0	10	12.5	15	17.5	20	36.5	34	31.5	29	26.5	24	0	24	26.5	29	26.5	24	0	24	26.5	29	31.5	34
83	46	40.5	38	35.5	33	65.5	63	60.5	58	45.5	48	50.5	0	55.5	58	40.5	40.5	38	35.5	0	65.5	63	60.5	58	45.5	48	50.5	53	55.5	58	0	31.5	29	26.5	0	56.5	54	51.5	49	36.5	39	41.5	44	46.5	49	0	31.5	29	26.5	0	56.5	54	51.5	49	36.5	39	41.5	44	46.5	49	0	20.5	18	15.5	0	10.5	8	5.5	3	5.5	8	10.5	13	15.5	18	0	17.5	15	12.5	0	7.5	5	2.5	0	2.5	0	7.5	10	12.5	15	17.5	39	36.5	34	31.5	29	26.5	0	26.5	29	31.5	24	21.5	0	21.5	24	26.5	29	31.5
84	48	43	40.5	38	35.5	63	60.5	58	55.5	53	50.5	53	0	58	60.5	38	43	40.5	38	0	63	60.5	58	55.5	53	50.5	53	55.5	58	60.5	0	34	31.5	29	0	54	51.5	49	46.5	44	41.5	44	46.5	49	51.5	0	34	31.5	29	0	54	51.5	49	46.5	44	41.5	44	46.5	49	51.5	0	23	20.5	18	0	13	10.5	8	5.5	3	5.5	8	10.5	13	15.5	0	20	17.5	15	0	10	7.5	5	2.5	0	0	5	7.5	10	12.5	15	41.5	39	36.5	34	31.5	29	0	29	31.5	34	36.5	19	0	19	21.5	24	26.5	29
85	0	0	0	0	0	0	0	0	0	0	0	0	0	0	0	0	0	0	0	0	0	0	0	0	0	0	0	0	0	0	0	0	0	0	0	0	0	0	0	0	0	0	0	0	0	0	0	0	0	0	0	0	0	0	0	0	0	0	0	0	0	0	0	0	0	0	0	0	0	0	0	0	0	0	0	0	0	0	0	0	0	0	0	0	0	0	0	0	0	0	0	0	0	0	0	0	0	0	0	0	0	0	0	0	0	0	0	0	0
86	53	48	45.5	43	40.5	58	55.5	53	50.5	48	45.5	43	0	63	65.5	33	48	45.5	43	0	58	55.5	53	50.5	48	45.5	43	60.5	63	65.5	0	39	36.5	34	0	49	46.5	44	41.5	39	36.5	34	51.5	54	56.5	0	39	36.5	34	0	49	46.5	44	41.5	39	36.5	34	51.5	54	56.5	0	28	25.5	23	0	18	15.5	13	10.5	8	5.5	3	5.5	8	10.5	0	25	22.5	20	0	15	12.5	10	7.5	5	0	0	2.5	5	7.5	10	46.5	44	41.5	39	36.5	34	0	29	26.5	24	21.5	19	0	19	21.5	24	26.5	29
87	56	50.5	48	45.5	43	55.5	53	50.5	48	45.5	43	40.5	0	65.5	68	30.5	50.5	48	45.5	0	55.5	53	50.5	48	45.5	43	40.5	38	65.5	68	0	41.5	39	36.5	0	46.5	44	41.5	39	36.5	34	31.5	29	56.5	59	0	41.5	39	36.5	0	46.5	44	41.5	39	36.5	34	31.5	29	56.5	59	0	30.5	28	25.5	0	20.5	18	15.5	13	10.5	8	5.5	3	5.5	8	0	27.5	25	22.5	0	17.5	15	12.5	10	7.5	0	2.5	0	2.5	5	7.5	49	46.5	44	41.5	39	36.5	0	31.5	29	26.5	24	21.5	0	21.5	24	26.5	29	31.5
88	58	53	50.5	48	45.5	53	50.5	48	45.5	43	40.5	38	0	33	70.5	28	53	50.5	48	0	53	50.5	48	45.5	43	40.5	38	35.5	33	70.5	0	44	41.5	39	0	44	41.5	39	36.5	34	31.5	29	26.5	24	61.5	0	44	41.5	39	0	44	41.5	39	36.5	34	31.5	29	26.5	24	61.5	0	33	30.5	28	0	23	20.5	18	15.5	13	10.5	8	5.5	3	5.5	0	30	27.5	25	0	20	17.5	15	12.5	10	0	5	2.5	0	2.5	5	51.5	49	46.5	44	41.5	39	0	34	31.5	29	26.5	24	0	24	26.5	29	31.5	34
89	61	55.5	53	50.5	48	50.5	48	45.5	43	40.5	38	35.5	0	30.5	28	25.5	55.5	53	50.5	0	50.5	48	45.5	43	40.5	38	35.5	33	30.5	28	0	46.5	44	41.5	0	41.5	39	36.5	34	31.5	29	26.5	24	21.5	19	0	46.5	44	41.5	0	41.5	39	36.5	34	31.5	29	26.5	24	21.5	19	0	35.5	33	30.5	0	25.5	23	20.5	18	15.5	13	10.5	8	5.5	3	0	32.5	30	27.5	0	22.5	20	17.5	15	12.5	0	7.5	5	2.5	0	2.5	54	51.5	49	46.5	44	41.5	0	36.5	34	31.5	29	26.5	0	26.5	29	31.5	34	36.5
90	63	58	55.5	53	50.5	48	45.5	43	40.5	38	35.5	33	0	28	25.5	23	58	55.5	53	0	48	45.5	43	40.5	38	35.5	33	30.5	28	25.5	0	49	46.5	44	0	39	36.5	34	31.5	29	26.5	24	21.5	19	16.5	0	49	46.5	44	0	39	36.5	34	31.5	29	26.5	24	21.5	19	16.5	0	38	35.5	33	0	28	25.5	23	20.5	18	15.5	13	10.5	8	5.5	0	35	32.5	30	0	25	22.5	20	17.5	15	0	10	7.5	5	2.5	0	56.5	54	51.5	49	46.5	44	0	39	36.5	34	31.5	29	0	29	31.5	34	36.5	39
91	67	61.5	64	66.5	49	51.5	54	56.5	59	61.5	64	66.5	0	71.5	74	76.5	61.5	64	66.5	0	51.5	54	56.5	59	61.5	64	66.5	69	71.5	74	0	52.5	55	57.5	0	42.5	45	47.5	50	52.5	55	57.5	60	62.5	65	0	52.5	55	57.5	0	42.5	45	47.5	50	52.5	55	57.5	60	62.5	65	0	36.5	34	31.5	0	31.5	34	36.5	39	41.5	44	46.5	49	51.5	54	0	36.5	34	31.5	0	31.5	34	36.5	39	41.5	0	46.5	49	51.5	54	56.5	0	2.5	5	7.5	10	12.5	0	17.5	20	22.5	25	27.5	0	32.5	35	37.5	40	42.5
92	64	59	61.5	64	46.5	49	51.5	54	56.5	59	61.5	64	0	69	71.5	74	59	61.5	64	0	49	51.5	54	56.5	59	61.5	64	66.5	69	71.5	0	50	52.5	55	0	40	42.5	45	47.5	50	52.5	55	57.5	60	62.5	0	50	52.5	55	0	40	42.5	45	47.5	50	52.5	55	57.5	60	62.5	0	34	31.5	29	0	29	31.5	34	36.5	39	41.5	44	46.5	49	51.5	0	34	31.5	29	0	29	31.5	34	36.5	39	0	44	46.5	49	51.5	54	2.5	0	2.5	5	7.5	10	0	15	17.5	20	22.5	25	0	30	32.5	35	37.5	40
93	62	56.5	59	61.5	44	46.5	49	51.5	54	56.5	59	61.5	0	66.5	69	71.5	56.5	59	61.5	0	46.5	49	51.5	54	56.5	59	61.5	64	66.5	69	0	47.5	50	52.5	0	37.5	40	42.5	45	47.5	50	52.5	55	57.5	60	0	47.5	50	52.5	0	37.5	40	42.5	45	47.5	50	52.5	55	57.5	60	0	31.5	29	26.5	0	26.5	29	31.5	34	36.5	39	41.5	44	46.5	49	0	31.5	29	26.5	0	26.5	29	31.5	34	36.5	0	41.5	44	46.5	49	51.5	5	2.5	0	2.5	5	7.5	0	12.5	15	17.5	20	22.5	0	27.5	30	32.5	35	37.5
94	54	49	56.5	59	41.5	44	46.5	49	51.5	54	56.5	59	0	64	66.5	69	49	56.5	59	0	44	46.5	49	51.5	54	56.5	59	61.5	64	66.5	0	40	47.5	50	0	35	37.5	40	42.5	45	47.5	50	52.5	55	57.5	0	40	47.5	50	0	35	37.5	40	42.5	45	47.5	50	52.5	55	57.5	0	29	26.5	24	0	24	26.5	29	31.5	34	36.5	39	41.5	44	46.5	0	29	26.5	24	0	24	26.5	29	31.5	34	0	39	41.5	44	46.5	49	7.5	5	2.5	0	2.5	5	0	10	12.5	15	17.5	20	0	25	27.5	30	32.5	35
95	52	46.5	44	56.5	39	41.5	44	46.5	49	51.5	54	56.5	0	61.5	64	66.5	46.5	44	56.5	0	41.5	44	46.5	49	51.5	54	56.5	59	61.5	64	0	37.5	35	47.5	0	32.5	35	37.5	40	42.5	45	47.5	50	52.5	55	0	37.5	35	47.5	0	32.5	35	37.5	40	42.5	45	47.5	50	52.5	55	0	26.5	24	21.5	0	21.5	24	26.5	29	31.5	34	36.5	39	41.5	44	0	26.5	24	21.5	0	21.5	24	26.5	29	31.5	0	36.5	39	41.5	44	46.5	10	7.5	5	2.5	0	2.5	0	7.5	10	12.5	15	17.5	0	22.5	25	27.5	30	32.5
96	49	44	41.5	39	36.5	39	41.5	44	46.5	49	51.5	54	0	59	61.5	64	44	41.5	39	0	39	41.5	44	46.5	49	51.5	54	56.5	59	61.5	0	35	32.5	30	0	30	32.5	35	37.5	40	42.5	45	47.5	50	52.5	0	35	32.5	30	0	30	32.5	35	37.5	40	42.5	45	47.5	50	52.5	0	24	21.5	19	0	19	21.5	24	26.5	29	31.5	34	36.5	39	41.5	0	24	21.5	19	0	19	21.5	24	26.5	29	0	34	36.5	39	41.5	44	12.5	10	7.5	5	2.5	0	0	5	7.5	10	12.5	15	0	20	22.5	25	27.5	30
97	0	0	0	0	0	0	0	0	0	0	0	0	0	0	0	0	0	0	0	0	0	0	0	0	0	0	0	0	0	0	0	0	0	0	0	0	0	0	0	0	0	0	0	0	0	0	0	0	0	0	0	0	0	0	0	0	0	0	0	0	0	0	0	0	0	0	0	0	0	0	0	0	0	0	0	0	0	0	0	0	0	0	0	0	0	0	0	0	0	0	0	0	0	0	0	0	0	0	0	0	0	0	0	0	0	0	0	0	0
98	49	44	41.5	39	36.5	84	41.5	44	46.5	49	51.5	54	0	59	61.5	59	44	41.5	39	0	84	41.5	44	46.5	49	51.5	54	56.5	59	61.5	0	35	32.5	30	0	75	32.5	35	37.5	40	42.5	45	47.5	50	52.5	0	35	32.5	30	0	75	32.5	35	37.5	40	42.5	45	47.5	50	52.5	0	24	21.5	19	0	39	21.5	24	26.5	29	26.5	29	31.5	34	36.5	0	24	21.5	19	0	39	21.5	24	26.5	29	0	29	31.5	34	36.5	39	17.5	15	12.5	10	7.5	5	0	0	2.5	5	7.5	10	0	15	17.5	20	22.5	25
99	52	46.5	44	41.5	39	81.5	79	46.5	49	51.5	54	56.5	0	61.5	64	56.5	46.5	44	41.5	0	81.5	79	46.5	49	51.5	54	56.5	59	61.5	64	0	37.5	35	32.5	0	72.5	70	37.5	40	42.5	45	47.5	50	52.5	55	0	37.5	35	32.5	0	72.5	70	37.5	40	42.5	45	47.5	50	52.5	55	0	26.5	24	21.5	0	36.5	34	26.5	29	31.5	24	26.5	29	31.5	34	0	26.5	24	21.5	0	36.5	34	26.5	29	31.5	0	26.5	29	31.5	34	36.5	20	17.5	15	12.5	10	7.5	0	2.5	0	2.5	5	7.5	0	12.5	15	17.5	20	22.5
100	54	49	46.5	44	41.5	79	76.5	74	51.5	54	56.5	59	0	64	66.5	54	49	46.5	44	0	79	76.5	74	51.5	54	56.5	59	61.5	64	66.5	0	40	37.5	35	0	70	67.5	65	42.5	45	47.5	50	52.5	55	57.5	0	40	37.5	35	0	70	67.5	65	42.5	45	47.5	50	52.5	55	57.5	0	29	26.5	24	0	34	31.5	29	31.5	34	21.5	24	26.5	29	31.5	0	29	26.5	24	0	34	31.5	29	31.5	34	0	24	26.5	29	31.5	34	22.5	20	17.5	15	12.5	10	0	5	2.5	0	2.5	5	0	10	12.5	15	17.5	20
101	57	51.5	49	46.5	44	76.5	74	71.5	69	56.5	59	61.5	0	66.5	69	51.5	51.5	49	46.5	0	76.5	74	71.5	69	56.5	59	61.5	64	66.5	69	0	42.5	40	37.5	0	67.5	65	62.5	60	47.5	50	52.5	55	57.5	60	0	42.5	40	37.5	0	67.5	65	62.5	60	47.5	50	52.5	55	57.5	60	0	31.5	29	26.5	0	31.5	29	26.5	24	36.5	19	21.5	24	26.5	29	0	31.5	29	26.5	0	31.5	29	26.5	24	36.5	0	21.5	24	26.5	29	31.5	25	22.5	20	17.5	15	12.5	0	7.5	5	2.5	0	2.5	0	7.5	10	12.5	15	17.5
102	59	54	51.5	49	46.5	74	71.5	69	66.5	64	61.5	64	0	69	71.5	49	54	51.5	49	0	74	71.5	69	66.5	64	61.5	64	66.5	69	71.5	0	45	42.5	40	0	65	62.5	60	57.5	55	52.5	55	57.5	60	62.5	0	45	42.5	40	0	65	62.5	60	57.5	55	52.5	55	57.5	60	62.5	0	34	31.5	29	0	29	26.5	24	21.5	19	16.5	19	21.5	24	26.5	0	34	31.5	29	0	29	26.5	24	21.5	19	0	19	21.5	24	26.5	29	27.5	25	22.5	20	17.5	15	0	10	7.5	5	2.5	0	0	5	7.5	10	12.5	15
103	0	0	0	0	0	0	0	0	0	0	0	0	0	0	0	0	0	0	0	0	0	0	0	0	0	0	0	0	0	0	0	0	0	0	0	0	0	0	0	0	0	0	0	0	0	0	0	0	0	0	0	0	0	0	0	0	0	0	0	0	0	0	0	0	0	0	0	0	0	0	0	0	0	0	0	0	0	0	0	0	0	0	0	0	0	0	0	0	0	0	0	0	0	0	0	0	0	0	0	0	0	0	0	0	0	0	0	0	0
104	64	59	56.5	54	51.5	74	71.5	69	66.5	64	61.5	59	0	74	76.5	49	59	56.5	54	0	74	71.5	69	66.5	64	61.5	59	71.5	74	76.5	0	50	47.5	45	0	65	62.5	60	57.5	55	52.5	50	62.5	65	67.5	0	50	47.5	45	0	65	62.5	60	57.5	55	52.5	50	62.5	65	67.5	0	39	36.5	34	0	29	26.5	24	21.5	19	16.5	19	21.5	24	26.5	0	39	36.5	34	0	29	26.5	24	21.5	19	0	19	21.5	24	26.5	29	32.5	30	27.5	25	22.5	20	0	15	12.5	10	7.5	5	0	0	2.5	5	7.5	10
105	67	61.5	59	56.5	54	76.5	74	71.5	69	66.5	64	61.5	0	76.5	79	51.5	61.5	59	56.5	0	76.5	74	71.5	69	66.5	64	61.5	59	76.5	79	0	52.5	50	47.5	0	67.5	65	62.5	60	57.5	55	52.5	50	67.5	70	0	52.5	50	47.5	0	67.5	65	62.5	60	57.5	55	52.5	50	67.5	70	0	41.5	39	36.5	0	31.5	29	26.5	24	21.5	19	21.5	24	26.5	29	0	41.5	39	36.5	0	31.5	29	26.5	24	21.5	0	21.5	24	26.5	29	31.5	35	32.5	30	27.5	25	22.5	0	17.5	15	12.5	10	7.5	0	2.5	0	2.5	5	7.5
106	69	64	61.5	59	56.5	79	76.5	74	71.5	69	66.5	64	0	59	81.5	54	64	61.5	59	0	79	76.5	74	71.5	69	66.5	64	61.5	59	81.5	0	55	52.5	50	0	70	67.5	65	62.5	60	57.5	55	52.5	50	72.5	0	55	52.5	50	0	70	67.5	65	62.5	60	57.5	55	52.5	50	72.5	0	44	41.5	39	0	34	31.5	29	26.5	24	21.5	24	26.5	29	31.5	0	44	41.5	39	0	34	31.5	29	26.5	24	0	24	26.5	29	31.5	34	37.5	35	32.5	30	27.5	25	0	20	17.5	15	12.5	10	0	5	2.5	0	2.5	5
107	72	66.5	64	61.5	59	81.5	79	76.5	74	71.5	69	66.5	0	61.5	59	56.5	66.5	64	61.5	0	81.5	79	76.5	74	71.5	69	66.5	64	61.5	59	0	57.5	55	52.5	0	72.5	70	67.5	65	62.5	60	57.5	55	52.5	50	0	57.5	55	52.5	0	72.5	70	67.5	65	62.5	60	57.5	55	52.5	50	0	46.5	44	41.5	0	36.5	34	31.5	29	26.5	24	26.5	29	31.5	34	0	46.5	44	41.5	0	36.5	34	31.5	29	26.5	0	26.5	29	31.5	34	36.5	40	37.5	35	32.5	30	27.5	0	22.5	20	17.5	15	12.5	0	7.5	5	2.5	0	2.5
108	74	69	66.5	64	61.5	84	81.5	79	76.5	74	71.5	69	0	64	61.5	59	69	66.5	64	0	84	81.5	79	76.5	74	71.5	69	66.5	64	61.5	0	60	57.5	55	0	75	72.5	70	67.5	65	62.5	60	57.5	55	52.5	0	60	57.5	55	0	75	72.5	70	67.5	65	62.5	60	57.5	55	52.5	0	49	46.5	44	0	39	36.5	34	31.5	29	26.5	29	31.5	34	36.5	0	49	46.5	44	0	39	36.5	34	31.5	29	0	29	31.5	34	36.5	39	42.5	40	37.5	35	32.5	30	0	25	22.5	20	17.5	15	0	10	7.5	5	2.5	0;


